14
AF304460.1            0.0000000 1.5245314 2.2876047 1.5619170 0.8130893 0.6278372 1.5369707 1.5873817 1.6413865 1.6806965 0.7249664 1.6141162 1.5273187 1.5272388 
MN908947.3            1.5245314 0.0000000 2.3379583 1.5263022 1.5299095 1.5152997 0.2863392 1.1181484 1.6542679 1.7374257 1.5174324 1.0514558 0.0044041 0.0045544 
MK611985.1            2.2876047 2.3379583 0.0000000 2.4872203 2.3523458 2.2737128 2.4406756 2.3717990 2.5286379 1.1362955 2.3496280 2.4195710 2.3440677 2.3424063 
KM454473.1            1.5619170 1.5263022 2.4872203 0.0000000 1.5518822 1.5281930 1.5692972 1.5740125 0.9484387 1.6680664 1.5857192 1.5806632 1.5222768 1.5238909 
KF430219.1            0.8130893 1.5299095 2.3523458 1.5518822 0.0000000 0.8062558 1.5277105 1.5616070 1.6349135 1.6826880 0.7595753 1.6070300 1.5298343 1.5307649 
AY567487.2            0.6278372 1.5152997 2.2737128 1.5281930 0.8062558 0.0000000 1.5483828 1.5378728 1.6296942 1.6575035 0.7407949 1.6126714 1.5109687 1.5118604 
AY613950.1            1.5369707 0.2863392 2.4406756 1.5692972 1.5277105 1.5483828 0.0000000 1.1273923 1.6560062 1.7587411 1.5445496 1.0697522 0.2915502 0.2916124 
EF065513.1            1.5873817 1.1181484 2.3717990 1.5740125 1.5616070 1.5378728 1.1273923 0.0000000 1.6457404 1.7690279 1.5818051 1.2143913 1.1197240 1.1215722 
EU111742.1            1.6413865 1.6542679 2.5286379 0.9484387 1.6349135 1.6296942 1.6560062 1.6457404 0.0000000 1.7528401 1.6352582 1.7049592 1.6542972 1.6558369 
FJ376619.2            1.6806965 1.7374257 1.1362955 1.6680664 1.6826880 1.6575035 1.7587411 1.7690279 1.7528401 0.0000000 1.6842177 1.8181231 1.7374905 1.7366996 
JQ989270.1            0.7249664 1.5174324 2.3496280 1.5857192 0.7595753 0.7407949 1.5445496 1.5818051 1.6352582 1.6842177 0.0000000 1.6098170 1.5120295 1.5115453 
JX869059.2            1.6141162 1.0514558 2.4195710 1.5806632 1.6070300 1.6126714 1.0697522 1.2143913 1.7049592 1.8181231 1.6098170 0.0000000 1.0565710 1.0540524 
SRR33190466_consensus 1.5273187 0.0044041 2.3440677 1.5222768 1.5298343 1.5109687 0.2915502 1.1197240 1.6542972 1.7374905 1.5120295 1.0565710 0.0000000 0.0009838 
SRR33436961_consensus 1.5272388 0.0045544 2.3424063 1.5238909 1.5307649 1.5118604 0.2916124 1.1215722 1.6558369 1.7366996 1.5115453 1.0540524 0.0009838 0.0000000 
